10,238
10,98
10,112
10,168
10,102
10,10
10,262
10,13
11,13
11,11
11,12
11,30
11,29
8,15
0,318
67,2
67,1
67,0
66,4
66,3
66,2
66,1
66,0
65,5
65,4
65,3
65,2
65,1
65,0
64,4
64,3
64,2
64,1
64,0
34,63
34,1
33,191
33,190
33,189
33,188
33,187
33,186
33,185
33,184
33,183
33,182
33,181
33,180
33,179
33,178
33,177
33,176
33,68
33,67
33,66
33,65
33,7
33,3
33,1
20,3
20,2
20,1
19,3
19,2
19,1
18,3
18,1
14,6
14,3
14,1
13,3
13,1
12,3
12,2
12,1
11,27
11,24
11,22
11,19
11,18
11,15
11,10
11,9
11,8
11,4
11,3
11,2
11,1
10,295
10,282
10,215
10,211
10,185
10,141
10,126
10,115
10,110
10,101
10,96
10,70
10,69
10,35
10,4
10,3
10,2
10,1
9,7
9,6
9,5
9,4
9,3
9,2
9,1
8,18
8,17
8,16
8,14
